100
0 180 3223 42
1 3038 1368 9903 94
2 16 67 412 7995 3252 18 71 391 5893 282 2883
3 8733 9711 585
4 779 47
5 1966 202 3301 759 119 10
6 6571 7437 247 40 25 108 384 1414 332
7 49 1156 328 4479 194 264 303
8 65 278 32
9 2178 33 1313 293 4253 175
10 1363 222 129 4430 3208 40
11 62 21 6249 1361 301 84 3000 5724
12 288 53 234 94 2431 117 10
13 39 2546
14 1378 6031 653 1216
15 138 41 469 21 29 1489 18 5442 2 164
16 435 807
17 587 7192 1710
18 286 1696 322
19 6697 775 835 346 168
20 2979 188 214 662
21 105 233 7574 3730 1304 9 342
22 110 4138 23 96 559 2266 168 2 6689 338
23 1959 323 5999 100 346 115
24 1954 1 769 1072 330 3003 2051
25 130 109
26 406 151 724 71 5127 289 2195
27 1311 115 151 164 414 240 1610
28 422 3502 1150 101 88
29 5020 509 4685 4752 3972
30 5638 1552 64 50 7
31 5350 1530 2219 47 5170 830 25 43
32 4227 2715 2882 454 31 456
33 52 9 66 582 18
34 3140 4104 46 12 143
35 8973
36 148 1027 4129
37 230 1290 3016 6755 95 4848
38 1606 1054
39 8843 68 701
40 262 1583 5154 16 239
41 210 2025 84 425 5038 4859
42 432 73 1039 1257 6259
43 4 9798 1148 46
44 778 498 472 3 5014
45 59 161 1217 16 278 861 1601 174 5226
46 1390 46 9902 4152 4370 233
47 519 1948 8150 140 1623 6514
48 1283 380 3684 264 2631 5973
49 141 38 2665 59 297
50 5270 266 322 15 1857 77
51 9234
52 1401 6001
53 334 2135 5027 1232 550 170
54 1378 1389 5412 115 1506 137 2160
55 45 2498 1373 63 272 460 1866 235
56 1996 517 5429 47 1913 1614
57 1438 350 9338 6 19 962 1595
58 2 665 2986 95 2184
59 1011
60 156 8056 272 1756 355
61 216 1460 1687 310 2769 1706
62 7777 64 2091
63 56 475 78 45
64 26 6 762 9 352
65 1108 1966 2132 1161 431 1190
66 50 39 1759 4872
67 9547 65 1854 118 1119 103 1863 3711 63 5915
68 244 100 4211 2385 18
69 1499 6169
70 446 42 676 279 2458
71 67 289 8088 68
72 7433 1434 2844 236 35
73 2878 4680 2406 6382
74 129 85 2624 8365 6643 316
75 245 2610 1593 1843 356 4630
76 43 845 3596 389 231
77 433
78 1042 722 2282 4278 4025
79 33 836 1883 1017 848 419
80 41 186 99 349 89 619
81 117 2950 119 3458 1937 7170 987 233
82 2282 625 37 2424 299
83 1127 12 375 4 89 4046 2683
84 81 7820 523 5990 40 412 386 2145
85 2628 3626 95
86 20 3699 8 2051 6025 69 270 17 310
87 505 597 9086 111 2360
88 278 1071 3915 253
89 54 3644 75 500 1235
90 57 6160 250 309 1959 44
91 663 177
92 104 672 193 121 79
93 9798 3324 4051 258
94 104 301 1790
95 54 474 200 18 25
96 2684 28 3430 609 2065 24 229
97 510 47 1436 670 4584 7884 56
98 284 205 651 337
99 183 3618 7 406 5299 1956 5850
